Filename,Barking,Howling,Crying,COSmoke,GlassBreaking,Other
public_00001,0.4511751717620343,0.3310638747271227,0.21218087222852092,0.0002160043921502787,0.00042205143271206166,0.004942025457459763
public_00002,0.09543206490464812,0.09543206490464812,0.09543206490464812,0.0006098470892335767,0.0016936135127817728,0.7114003446840402
public_00003,0.32574036068368495,0.0019557929837501547,0.670418053254837,0.0018554644123106097,2.5738383662484063e-05,4.590281754817142e-06
public_00004,0.10495568846741417,0.10495568846741417,0.10495568846741417,0.0031587063341877663,0.01572492276970055,0.6662493054938692
public_00005,0.1089698945509897,0.0009318364485786778,0.888433586549675,0.0015225036380712162,0.0001413066457146961,8.721669706493811e-07
public_00006,0.12109871104674684,0.8427991308466629,0.036096843508630905,2.3559427224005808e-07,3.1664719475271287e-07,4.762356492300559e-06
public_00007,0.038649978592767024,0.2312550194361202,0.693191395588741,0.029958081921105793,0.00570569167895448,0.0012398327823114651
public_00008,0.00856132115864773,0.00856132115864773,0.00856132115864773,0.97124427901311,0.003068336484830266,3.421026116641927e-06
public_00009,0.0035425521763404392,0.001472410068886473,0.9938371381651951,0.0001881955321661398,3.0371741810901085e-05,0.0009293323156009302
public_00010,3.0535662958481195e-05,3.0535662958481195e-05,3.0535662958481195e-05,2.7031986618958782e-05,0.0001891052772943567,0.9996922557472112
public_00011,0.023219396130040686,0.023219396130040686,0.023219396130040686,0.007998689822883116,0.00812924727496581,0.914213874512029
public_00012,0.6053680991939215,0.3812054168785884,0.012784294612496389,1.0541773977326038e-05,3.0807740830686305e-05,0.0006008398001856033
public_00013,0.0013051883303512857,0.4521603091276343,0.5465337608241629,5.828389053995919e-07,1.1610633617760973e-07,4.277260985664889e-08
public_00014,0.0376120035496739,0.0376120035496739,0.0376120035496739,0.006191560061470084,0.17292903347599412,0.7080433958135142
public_00015,0.006140504759052773,0.006140504759052773,0.006140504759052773,0.001056013181373704,0.014082076270616065,0.9664403962708519
public_00016,0.605443514413313,0.014394455911651815,0.361673713165653,0.0001102828723650898,0.0006594105170426724,0.017718623119974467
public_00017,0.7878466669370328,0.21152655309957427,0.0006267255964095087,3.728097747547278e-09,2.272096948910714e-08,2.7917916246388982e-08
public_00018,0.05457752098034118,0.5112570211852927,0.4195814192679871,0.0009309238747232301,0.0008091023894010381,0.012844012302254695
public_00019,0.0050484568593447965,0.0050484568593447965,0.0050484568593447965,0.0005564021353986822,0.008406170555791428,0.9758920567307755
public_00020,8.226318009263562e-05,8.226318009263562e-05,8.226318009263562e-05,0.9996537012469958,9.450855617618057e-05,5.000656550039873e-06
public_00021,0.009545270942995097,0.5039495222822965,0.48200768947856987,0.0018137824447694258,0.0011891513562551723,0.0014945834951138358
public_00022,0.011139470635098282,0.22323493284572019,0.746462149796458,0.004081175412307724,0.002776833546496518,0.012305437763919291
public_00023,0.03866579108369799,0.03866579108369799,0.03866579108369799,0.0011449051745344588,0.019954732830837433,0.8629029887435341
public_00024,0.0003452941631029849,0.0003452941631029849,0.0003452941631029849,7.096698345151994e-06,0.9989570186342418,2.178104099429835e-09
public_00025,0.18418183387910617,0.6190583025511635,0.04385179906233595,9.81903613556e-05,0.01157290352964548,0.14123697061639334
public_00026,0.042134184187434684,0.9284149399368359,0.029422640427978375,5.220170133994639e-06,8.09046485291443e-06,1.4924812764180458e-05
public_00027,0.00042727429767670154,0.00042727429767670154,0.00042727429767670154,0.9986819452258738,3.557800239264908e-05,6.538787034256202e-07
public_00028,0.010361178765602466,0.010361178765602466,0.010361178765602466,0.0005147225604318633,0.004741175236537853,0.9636605659062228
public_00029,0.015911101091213936,0.3399844525232703,0.6424774667241807,4.11725954915131e-05,0.0002345956282500286,0.001351211437593478
public_00030,5.492890545922284e-06,5.492890545922284e-06,5.492890545922284e-06,0.9999793257978409,4.14143575452387e-06,5.409476679402508e-08
public_00031,0.0009071655110241217,0.0009071655110241217,0.0009071655110241217,0.0004853728005386925,0.0017437472118471337,0.9950493834545419
public_00032,0.1563047603213117,0.1563047603213117,0.1563047603213117,0.0008168009410205975,0.0072821366378447785,0.5229867814571995
public_00033,0.003756652872476454,0.4788811144145367,0.5168096143112171,0.00025378556220046286,7.527887958741373e-05,0.00022355395998187143
public_00034,0.010788558551300283,0.010788558551300283,0.010788558551300283,0.17367920085401237,0.15115324983947073,0.6428018736526161
public_00035,0.27224596645019455,0.5351698299632062,0.19257743595826501,5.170173697847615e-07,2.748200438147057e-07,5.975790920634572e-06
public_00036,0.8948789674448773,0.00918075285706429,0.09176395405455191,2.7597142012167583e-05,0.004055666541550046,9.306195994428188e-05
public_00037,0.0005139905571875386,0.0005139905571875386,0.0005139905571875386,6.80521812022339e-05,0.0006829064636189298,0.9977070696836162
public_00038,0.08679360964474328,0.020935695328449536,0.82530728023489,0.0005245353360774521,0.004534222415152471,0.061904657040687254
public_00039,0.011117271453103953,0.345880596727101,0.1970062785828164,0.009419456995657894,0.010877075535843878,0.4256993207054768
public_00040,0.07593455060799717,0.020365508702866963,0.9002508461576477,0.001785310582130743,0.0004576197288528579,0.001206164220504544
public_00041,0.0007030171103930499,0.0007030171103930499,0.0007030171103930499,0.9903589528810833,0.007525297857582161,6.697930155320163e-06
public_00042,5.981983942259739e-08,5.981983942259739e-08,5.981983942259739e-08,2.7110117878403642e-05,0.9999699538137536,2.756608849718103e-06
public_00043,0.0004153151629887997,0.0004153151629887997,0.0004153151629887997,0.00014481565794991446,0.4678733162481838,0.5307359226048999
public_00044,0.00020665123495280344,0.00020665123495280344,0.00020665123495280344,0.00042144128783972145,0.016079961573583303,0.9828786434337186
public_00045,0.616776167739309,0.1735701644588487,0.08284273123225769,0.0005529407795318873,0.003855995007625735,0.12240200078242701
public_00046,0.0007298519728935884,0.0007298519728935884,0.0007298519728935884,0.0005257455667589375,0.059208851707413954,0.9380758468071464
public_00047,0.13760101006827272,0.13760101006827272,0.13760101006827272,0.042775549631946526,0.0245980400532192,0.5198233801100162
public_00048,0.012118724949556433,0.7982406057505921,0.189599138679679,3.0717311048516517e-06,5.776853955935998e-07,3.7881203672074234e-05
public_00049,0.005820233995594181,0.7208010501069646,0.2731187293098919,9.892314054675166e-05,6.47878378497952e-05,9.627560915265743e-05
public_00050,0.0002296717273655475,0.9811605587738568,0.018603331729664583,4.0773920167063695e-06,1.79792261050716e-06,5.624544858447166e-07
public_00051,0.06314571767750722,0.2858209881294396,0.6505736095019907,1.756794934719793e-05,3.3582234475148808e-06,0.0004387585182676905
public_00052,0.04308822304751954,0.04308822304751954,0.04308822304751954,0.8679855567441029,0.0009640682950719334,0.001785705818266542
public_00053,0.01664435139944812,0.01664435139944812,0.01664435139944812,0.05233263664517117,0.0007554424325765704,0.8969788667239079
public_00054,0.06153984835782767,0.10593597124686004,0.8207907204588408,0.0015929175220376123,0.0009831742151225047,0.009157368199311372
public_00055,0.006487746009215898,0.006487746009215898,0.006487746009215898,3.87718295582452e-05,0.00020694832312962788,0.9802910418196644
public_00056,1.0042592118686634e-08,1.0042592118686634e-08,1.0042592118686634e-08,5.214529415001604e-07,0.9999994214254825,2.6993799667540888e-08
public_00057,0.0028055861140616704,0.0028055861140616704,0.0028055861140616704,0.012304911077455802,0.19723876812578503,0.7820395624545742
public_00058,0.0008870427010675403,0.0008870427010675403,0.0008870427010675403,4.957586573119613e-05,0.005000393448032423,0.9922889025830337
public_00059,0.007085881484401636,0.4151380829978394,0.577525931270273,0.00020170227011862495,8.426572674930892e-06,3.997540469255392e-05
public_00060,0.10566071747398414,0.5143284924261043,0.37967902078416654,2.1703104507255123e-05,4.111963749340627e-05,0.0002689465737443857
public_00061,0.012796400419401213,0.012796400419401213,0.012796400419401213,0.00023148445480485551,0.01622902189304138,0.9451502923939501
public_00062,0.04957309516771266,0.6973643995570349,0.08448227172159713,0.002166026009240317,0.01852717237976496,0.1478870351646501
public_00063,0.06385167845855864,0.597280867336108,0.3388246719712425,3.188252575079764e-05,1.0319594035526348e-05,5.801143045776799e-07
public_00064,0.4189154951406228,0.5516595890165711,0.029424116378206307,1.9440833216744617e-07,3.6563463712611205e-07,2.3942163051574755e-07
public_00065,0.00226089469695062,0.00226089469695062,0.00226089469695062,0.00105847384652854,0.5064188302682177,0.48574001179440196
public_00066,0.0029615439382508486,0.9489674530282953,0.04785977085983283,8.022463731783636e-05,4.440056767504802e-05,8.660696862820085e-05
public_00067,0.013441250651484457,0.018748640686030223,0.9641331612071198,0.002810602409851721,0.00020071724941097887,0.0006656277961028024
public_00068,0.022522211347509872,0.022522211347509872,0.022522211347509872,0.8837097990216942,0.04636978041642079,0.00235378651935535
public_00069,0.83075711705622,0.020684193205747815,0.1483126585793531,7.265107831637618e-05,3.282902274646108e-05,0.0001405510576162393
public_00070,0.010736460036463788,0.010736460036463788,0.010736460036463788,0.9541421043653917,0.012602046129421238,0.0010464693957957356
public_00071,0.003753115133318879,0.35781470563637563,0.637854920160612,8.177347876292414e-05,3.611493703980959e-05,0.0004593706538908432
public_00072,0.018970105883349804,0.1066080549922433,0.8014575249077383,0.0702945030545399,0.002599418997033311,7.039216509546251e-05
public_00073,0.02443901808445597,0.02443901808445597,0.02443901808445597,0.004364169422507053,0.01008338890034237,0.9122353874237826
public_00074,0.022480443051186752,0.9573800973130466,0.020059260022503383,2.9550138476267896e-06,6.786894843427423e-05,9.375650981313398e-06
public_00075,0.05856034431884502,0.05856034431884502,0.05856034431884502,0.8235595013082031,0.0007184659232027391,4.099981205907388e-05
public_00076,0.01444753241528502,0.5239058496840114,0.4393915905715983,0.007023212565138357,0.004966842193086243,0.010264972570880639
public_00077,0.7712528052632683,0.17259624296999598,0.0532642372244271,0.0003568734646856877,0.00018427744857509642,0.0023455636290478483
public_00078,0.0020412890973600475,0.019054906685492902,0.9725072182343505,0.005167805006812159,0.00044644976250634476,0.0007823312134779614
public_00079,0.24968100432862564,0.6129199987101441,0.13439883350239085,0.0004093313913497036,5.816030382502476e-05,0.0025326717636646417
public_00080,0.587436338464507,0.06213395526375742,0.34942973367820834,2.3974875616192506e-05,2.6224416046809564e-05,0.0009497733018641771
public_00081,0.0208500640105218,0.04420949097828819,0.9348780394079111,3.7520100547449935e-06,8.052127651009261e-07,5.7848380459062955e-05
public_00082,0.0028340544247704,0.0020861583238042268,0.9648093256655482,0.00020076498336087057,4.9584980283475973e-05,0.030020111622232858
public_00083,0.0010627440542081903,0.0010627440542081903,0.0010627440542081903,0.9905165936275712,0.006285729758613846,9.444451190407094e-06
public_00084,0.008724740317619233,0.04403801995374895,0.9460181006100586,0.0009580625600195414,0.00013350308656673096,0.00012757347198691938
public_00085,0.056157593245883125,0.056157593245883125,0.056157593245883125,0.007285007187439973,0.011191237582372419,0.8130509754925382
public_00086,0.00026912863258848045,0.9859627091140968,0.013502690885008696,3.825980952410195e-05,2.858697925455885e-05,0.00019862457952753685
public_00087,0.7646425792739261,0.023802999488359428,0.20735798801899372,3.116735810855368e-05,0.0001164596346089804,0.004048806226003265
public_00088,0.1832891810856123,0.3828722509244824,0.2038372383420773,0.000746346683838036,0.01489597604776734,0.21435900691622262
public_00089,0.008899967839802687,0.008899967839802687,0.008899967839802687,0.007124554609253463,0.007937566129575982,0.9582379757417625
public_00090,0.3832657687728346,0.5864684723385799,0.02919074825055756,2.1049883591316255e-05,7.750982197175513e-05,0.0009764509324648648
public_00091,0.015466072404714357,0.015466072404714357,0.015466072404714357,0.0005145374285574138,0.004566138927597464,0.9485211064297021
public_00092,0.012283002317087581,0.045561437683422405,0.5206492709396144,0.04288758144590054,0.08040732528696641,0.2982113823270086
public_00093,0.04972357025853202,0.04972357025853202,0.04972357025853202,0.0005159051992359284,0.01932662721089764,0.8309867568142704
public_00094,4.38917484492659e-07,4.38917484492659e-07,4.38917484492659e-07,0.999845749050568,0.00015234750843195043,5.866885465256515e-07
public_00095,0.007381571257791788,0.004212124622966603,0.9883504986313838,3.1294837678600044e-05,1.1655751644848125e-06,2.334507501474578e-05
public_00096,0.15589930030266627,0.6389586728394466,0.20514094008333814,8.619578432714845e-08,1.3301004953698336e-07,8.675687151279643e-07
public_00097,0.004736934505105383,0.004736934505105383,0.004736934505105383,0.00025346933542983574,0.002834717992099605,0.9827010091571544
public_00098,0.21461707286297427,0.4628709032827342,0.3212054247661852,8.260591318565467e-05,0.0005066303089141926,0.0007173628660064988
public_00099,0.005332233661199249,0.12434839796924325,0.8696004461072462,0.00032734517217022,0.00010864360446264503,0.0002829334856784919
public_00100,0.851126881298795,0.07686737072571898,0.07199877770408578,1.5477812951457213e-06,6.904377427850854e-07,4.732052362299112e-06
public_00101,0.01663265524138424,0.9287108583255091,0.05465552027608461,6.734156502137228e-07,2.6355568582109995e-07,2.9185685974641018e-08
public_00102,0.003993452377837598,0.003961946173276424,0.8893795928217556,0.10166079647458422,0.0009871970490174687,1.701510352863196e-05
public_00103,0.10312094866811221,0.3519358778839981,0.44503280147682756,0.0009897524877095,0.0030516952283273706,0.09586892425502527
public_00104,0.0014491654953516463,0.0014491654953516463,0.0014491654953516463,0.0005056417763040846,0.003450200421227857,0.9916966613164131
public_00105,0.00021527054017612542,0.00021527054017612542,0.00021527054017612542,7.272787655233481e-05,0.0019102202210358776,0.9973712402818834
public_00106,0.0017489485397668156,0.9637546337001724,0.032694898759405316,0.00020674234918831473,0.0002472737931261619,0.0013475028583410206
public_00107,0.15916221829921434,0.15916221829921434,0.15916221829921434,0.017462614370762474,0.023264822744760688,0.48178590798683385
public_00108,0.044865199057847846,0.0779551117500192,0.5009375804419286,0.011703805943359315,0.01447211944264881,0.35006618336419626
public_00109,0.20166596962499816,0.013148202275810266,0.4750257215015381,0.2647727009445621,0.04002455887443014,0.005362846778661249
public_00110,0.0396131122741827,0.4689990165053254,0.4766729181754197,0.004957928094031826,0.003287846304004086,0.006469178647036321
public_00111,0.05871519707942369,0.05871519707942369,0.05871519707942369,0.005776635139812426,0.0157799155651253,0.8022978580567912
public_00112,0.015605906346602298,0.015605906346602298,0.015605906346602298,0.006411411166554705,0.0126585323905531,0.9341123374030853
public_00113,0.0012112758987365441,0.0012112758987365441,0.0012112758987365441,0.9963646604214432,1.511535299136769e-06,3.4704800399430705e-10
public_00114,0.00016231946206122467,0.00016231946206122467,0.00016231946206122467,0.9989656652967617,0.0005430570047127281,4.319312341874879e-06
public_00115,0.012998344564314607,0.2862954817236218,0.688314013957154,0.0021123919990825068,0.0012438390954478621,0.009035928660379238
public_00116,0.0010145410897956495,0.0010145410897956495,0.0010145410897956495,0.9969526836934762,3.653088127919344e-06,3.994900889014761e-08
public_00117,0.0035507596081645935,0.0035507596081645935,0.0035507596081645935,0.00018598030625975113,0.0037909602792030005,0.9853707805900435
public_00118,0.04068183389057184,0.4859062685899936,0.39114737432777613,0.008691696763250581,0.011130268155188024,0.06244255827321987
public_00119,0.03606299267104648,0.3211257351561032,0.5311788789838436,0.0027548414765405384,0.004437242186711429,0.10444030952575467
public_00120,0.2664537766561453,0.32137720941713266,0.39638386340731613,0.00038543471881301024,0.0005705960252860388,0.014829119775306897
public_00121,0.007490613962724817,0.17012995774447023,0.8223590060427686,1.5018849728181699e-05,2.9004017806048123e-06,2.5029985275313004e-06
public_00122,0.006021372521180061,0.5659337655743805,0.3419030003650521,0.0018230795450223348,0.0015370794618808777,0.08278170253248417
public_00123,0.31168417449295555,0.2146089493394058,0.0854115308298642,0.003044360818392141,0.00567194267259844,0.37957904184678387
public_00124,2.9815301853152325e-06,2.9815301853152325e-06,2.9815301853152325e-06,1.8700489520704803e-06,0.9999891846912692,6.692228102048371e-10
public_00125,0.0026207684151107117,0.0026207684151107117,0.0026207684151107117,3.3829239682480167e-06,0.9919692844541097,0.00016502737658990508
public_00126,0.2021354257628452,0.08031927708505372,0.7130215388894799,0.0006405434949045452,0.0002469738929746524,0.0036362408747419093
public_00127,0.015651025653351573,0.015651025653351573,0.015651025653351573,0.057153614397239254,0.5182409132051196,0.37765239543758644
public_00128,0.8995228180142654,0.09801641672703694,0.0022870910826939066,2.1131153536823298e-07,0.00017332612041606824,1.367440524134417e-07
public_00129,0.7593131218953173,0.014389895494631759,0.06182212727428391,0.00010208638660633254,0.1568270341187582,0.007545734830402453
public_00130,0.04627835329549536,0.06430481137746769,0.8807181251443991,0.0024051708492333263,0.0004963672902980994,0.005797172043106452
public_00131,0.4958884117570373,0.2844497770550438,0.1465578383102747,0.0002789318223399923,0.008063793640934706,0.06476124741436949
public_00132,0.5537711764670992,0.034692248433306316,0.020801421798040683,0.00016511193535157545,0.32957571164648497,0.060994329719717216
public_00133,0.02178673680397298,0.5238092928770872,0.45331004180386447,0.000988373318098622,7.710787718802516e-05,2.8447319788703118e-05
public_00134,0.014444070695202642,0.0016501655741646322,0.9838993211073436,5.919380122341146e-06,1.3391200179078267e-07,3.8933116502859736e-07
public_00135,0.07881198632736913,0.01792603259645215,0.9019620827628841,0.001145741518713115,8.2612625653792e-05,7.154416892770373e-05
public_00136,0.06641727770518717,0.06641727770518717,0.06641727770518717,0.000984911396522334,0.015836936370343075,0.783926319117573
public_00137,0.12749236192824767,0.12749236192824767,0.12749236192824767,0.010346871289998127,0.05226672182778245,0.5549093210974764
public_00138,0.00043189691219711616,0.00043189691219711616,0.00043189691219711616,0.00015650267095629087,0.00041110612398109173,0.9981367004684712
public_00139,0.004931441816520326,0.004931441816520326,0.004931441816520326,0.0007696140186098831,0.003464488325825206,0.980971572206004
public_00140,4.584448711014354e-05,4.584448711014354e-05,4.584448711014354e-05,2.7281961958020617e-05,0.16289851691435478,0.8369366676623567
public_00141,0.23418284838603518,0.4340982488455477,0.20350757875482325,0.0014858680000919779,0.010556145515871869,0.11616931049763005
public_00142,0.002439971927736007,0.002439971927736007,0.002439971927736007,0.0005104720879285482,0.0013243838447798582,0.9908452282840836
public_00143,0.026993855285315917,0.06163694273673701,0.6688223128395044,0.011090077977157907,0.009281455972141497,0.22217535518914316
public_00144,0.006317490673045856,0.02019278389120379,0.8117634679334023,0.012529921553374752,0.005305897374799377,0.14389043857417402
public_00145,0.02376999630309801,0.948784898204958,0.025992365056296644,2.7948529474864507e-05,5.452272154448275e-05,0.0013702691846277952
public_00146,0.036139964046039995,0.6050496448973098,0.29164531765313306,0.004618184155951531,0.011480298550144714,0.05106659069742088
public_00147,0.03364105895596551,0.3038595097469924,0.6468589656189521,0.005277218881342257,0.0035901195336599133,0.006773127263087844
public_00148,0.2339897205193596,0.22801053401251317,0.4330899382473337,0.0010039570678836076,0.08628109644042115,0.01762475371248878
public_00149,0.1530966773977432,0.7025616857188957,0.14415263458653996,2.5515254446157597e-05,1.6892222109546474e-05,0.00014659482026544733
public_00150,0.27453127864589927,0.26448561542025706,0.4430149072172242,0.0011054022234994211,0.0013616208162651618,0.015501175676854892
public_00151,0.024093489120029465,0.012992917033900151,0.9255286632225532,0.03215543331225525,0.004806103409795649,0.000423393901466225
public_00152,0.0010653143400261129,0.0010653143400261129,0.0010653143400261129,3.2311508544660467e-05,0.007432948197508035,0.989338797273869
public_00153,3.094918971717592e-08,3.094918971717592e-08,3.094918971717592e-08,0.9999998137951304,9.312743773890193e-08,2.2986272419970256e-10
public_00154,0.002732088082444342,0.9144867950120248,0.054021987172493444,0.0025826870270446722,0.0022884926681744724,0.023887950037818337
public_00155,0.0012235930406006685,0.0012235930406006685,0.0012235930406006685,0.017703853860845067,0.8984880606376316,0.08013730637972133
public_00156,0.00101265708391282,0.00101265708391282,0.00101265708391282,0.00016242551133447506,0.0010352153467825778,0.9957643878901445
public_00157,0.3878831746694799,0.5399043375238765,0.07132140425611765,1.3015354734619625e-05,2.8622736603998545e-05,0.0008494454591873343
public_00158,0.007204969653307082,0.5283523827460155,0.4637001196701708,0.00017778420419683252,8.954056451745232e-05,0.0004752031617923267
public_00159,0.004956734423138631,0.004956734423138631,0.004956734423138631,0.8248573039490239,0.16022995296720008,4.253981436015994e-05
public_00160,0.3201899415784267,0.14518412979547307,0.5276875747840292,9.801049015342217e-05,0.0002266570405713177,0.006613686311346352
public_00161,0.5590332855327612,0.048470995607160325,0.3924810136790248,5.530086864298439e-06,8.869948665144176e-06,3.051455241901328e-07
public_00162,0.0016998517566017544,0.0016998517566017544,0.0016998517566017544,5.077029238586298e-05,0.028570059269501777,0.9662796151683071
public_00163,0.07239648421190163,0.7134603497453917,0.20825069509603886,0.00014530125139679373,0.004386201459166901,0.0013609682361040813
public_00164,0.004810199922223666,0.004810199922223666,0.004810199922223666,7.093323310220203e-05,0.0004146754355593491,0.9850837915646674
public_00165,0.2363420729317367,0.7367203254965355,0.02690106051134253,2.8331574864005182e-06,1.0520094629011544e-05,2.3187808269829044e-05
public_00166,0.06610109713513834,0.6801789075938856,0.2535531464921348,0.000128871295391189,3.1795559962685923e-05,6.181923487422866e-06
public_00167,0.0013035542027523383,0.9612472601556353,0.023239583256593713,0.0017146566522535697,0.0015963925347614847,0.01089855319800358
public_00168,0.11749908078396844,0.6851452611384639,0.19658364959234187,7.955864493949055e-05,0.000668276502700944,2.4173337585354006e-05
public_00169,0.05475925420794388,0.12438222093513172,0.8201216215915489,0.0005104794697278519,0.0002075845289024972,1.8839266745198446e-05
public_00170,0.015173051739442492,0.015173051739442492,0.015173051739442492,0.9421899463479725,0.0055484651509203715,0.0067424332827796685
public_00171,0.003983842028399126,0.003983842028399126,0.003983842028399126,0.0006519635420466996,0.0049936768363962785,0.9824028335363596
public_00172,0.0011906256522070467,0.5399011858517908,0.4588121777168762,1.834622752131181e-05,5.282966994678724e-06,7.23815846099333e-05
public_00173,0.0866981214955856,0.0866981214955856,0.0866981214955856,0.01072570920013443,0.027428005706008306,0.7017519206071005
public_00174,0.009782846352893932,0.1885693630755412,0.39874310547136804,0.0032017405087839887,0.007018817895017062,0.39268412669639574
public_00175,0.006923014315245507,0.006923014315245507,0.006923014315245507,1.642023020827905e-05,0.0034744592935306864,0.9757400775305245
public_00176,0.0006773659724009787,0.9943328286995342,0.004934227837142626,8.003502641868624e-06,1.2494591228291201e-05,3.507939705200531e-05
public_00177,0.050386302177755325,0.060676709085395235,0.6346136697350953,0.07832889901538034,0.044174488056478396,0.13181993192989544
public_00178,0.003247886375658997,0.09623479609887382,0.9001333187912358,0.0003741250747652878,9.23255133020735e-06,6.411081359227069e-07
public_00179,0.0003122290239298374,0.0003122290239298374,0.0003122290239298374,0.00013114692703590378,0.004001936033411384,0.9949302299677631
public_00180,0.003624452098345788,0.6426128275782759,0.35373888292004446,6.664698666439594e-06,4.502198972815742e-06,1.2670505694599047e-05
public_00181,0.21929012648917506,0.5788236611207034,0.20188216889291521,3.0799819065678056e-07,1.0196955546029612e-06,2.715803461093128e-06
public_00182,0.7829407781597586,0.03486418297397311,0.02148310064283786,0.00027982695858422995,0.0018621331711596244,0.15856997809368656
public_00183,0.01428237799610946,0.8697625675847093,0.11377677248729152,6.953783399101592e-05,0.00015868021217205986,0.0019500638857266519
public_00184,0.01490545277685773,0.01490545277685773,0.01490545277685773,0.9510195882325699,0.0025814310731692323,0.001682622363687659
public_00185,0.041499240648142935,0.041499240648142935,0.041499240648142935,0.0007249677898902813,0.002341229008851439,0.8724360812568295
public_00186,0.0002737711214097687,0.0002737711214097687,0.0002737711214097687,0.9990495442179691,0.00012675225268050604,2.390165121053371e-06
public_00187,3.244246902113619e-05,3.244246902113619e-05,3.244246902113619e-05,0.9997327457337369,0.00012168583790435455,4.824102129534315e-05
public_00188,0.08123665968696632,0.08416674620234832,0.7912659995298671,0.004153696234866203,0.005258403101386026,0.03391849524456606
public_00189,0.008152035436727868,0.008499404807079046,0.9805653580717808,0.002231594191476951,0.0002457652317234812,0.0003058422612118923
public_00190,0.11166410644849141,0.11166410644849141,0.11166410644849141,0.025918684899806976,0.06094444543123245,0.5781445503234863
public_00191,0.07778450934961317,0.07778450934961317,0.07778450934961317,0.0009052314083394667,0.008171263243618674,0.7575699772992023
public_00192,0.020563535210261514,0.7830107918218906,0.1911815016344837,0.0017626742191710404,0.0013210189280942035,0.0021604781860989856
public_00193,0.1188706097338784,0.1188706097338784,0.1188706097338784,0.6431786081126576,0.00020603942187871283,3.5232638284690465e-06
public_00194,0.12523986821380653,0.03937096590058612,0.8202672530339332,0.002390246091973868,0.0002451967928775906,0.012486469966822646
public_00195,0.08421631200710702,0.30238389443089086,0.5363052275874393,0.0074206621805508665,0.008284022870476108,0.061389880923535825
public_00196,0.018476638850061147,0.8650325930251068,0.11618605249498448,4.672188211290971e-05,6.422201422694179e-05,0.00019377173350766262
public_00197,0.15820603624382343,0.15820603624382343,0.15820603624382343,0.00017423338853149773,0.029927957890520974,0.4952796999894773
public_00198,0.00044088227574998385,0.9221191342688922,0.07730721926312664,1.382108770130948e-05,8.95498798140061e-06,0.00010998811654834962
public_00199,0.6021431686285058,0.3903050621217651,0.007506216418242327,4.0049562487497617e-07,2.4697388803237016e-05,2.045494705866447e-05
public_00200,0.7569869104936154,0.19927813122568636,0.043712792130753436,1.4665562866800666e-06,3.1027549425775016e-06,1.759683871553654e-05
public_00201,0.00011389052774087014,0.00011389052774087014,0.00011389052774087014,9.033506808368263e-05,0.0007057091695078718,0.9988622841791859
public_00202,0.06603598222663336,0.02336669391994982,0.9066034179275411,0.0012743455046800298,0.00043534920341589434,0.0022842112177797773
public_00203,0.9418731787068655,0.03504168585525992,0.023065549633401936,1.8281015967447433e-05,1.2971100643924726e-06,7.678440850416965e-09
public_00204,0.010095306071608882,0.010095306071608882,0.010095306071608882,7.938108340357806e-05,0.01339264526552224,0.9562420554362475
public_00205,0.07425673874837078,0.5035358660797681,0.408624099993364,0.005484884563779224,0.0020067475120355053,0.006091663102682399
public_00206,8.413082781670697e-05,8.413082781670697e-05,8.413082781670697e-05,0.9997345417041543,1.1963947197599003e-05,1.1018651979861459e-06
public_00207,0.16326650576733712,0.16326650576733712,0.16326650576733712,0.010213925874180262,0.008073041508764605,0.49191351531504385
public_00208,0.00026893255369740465,0.00026893255369740465,0.00026893255369740465,0.00020672966322152526,0.7474589496418619,0.25152752303382436
public_00209,0.3261880708372664,0.2359961934264582,0.2761374307362473,8.153825515971656e-05,0.08377548648878104,0.07782128025608732
public_00210,0.16064909870174748,0.24181553192932903,0.43997615016791225,0.0017622077252546265,0.0033883909071534936,0.15240862056860313
public_00211,0.30892432000301784,0.42235018030748955,0.2685542712526221,3.1855029652495756e-05,8.49577542637037e-05,5.441565295427803e-05
public_00212,0.016236318988762568,0.016236318988762568,0.016236318988762568,0.02927995079636922,0.020986099173367453,0.9010249930639757
public_00213,0.30555503728859146,0.008999565014679927,0.6854172078638818,2.3873448192568447e-05,2.197156213833425e-06,2.119228440334147e-06
public_00214,1.4125929031529803e-06,1.4125929031529803e-06,1.4125929031529803e-06,0.00016398473119144243,0.9998313117723696,4.657177295234719e-07
public_00215,0.007357481154408988,0.3187130014854037,0.451282134606049,0.22147554099703193,0.0011262121055207732,4.562965158564013e-05
public_00216,0.0022270042789294827,0.003687291171438094,0.9902324788470603,0.0018798517286524603,0.0006280860161392143,0.0013452879577803395
public_00217,0.087345470642866,0.087345470642866,0.087345470642866,0.00021457702594167175,0.0011427736563578057,0.7366062373891025
public_00218,0.017257169234685243,0.952343201757932,0.030392091810348965,2.695577248941165e-06,3.512675778696927e-06,1.3289440061641447e-06
public_00219,0.018121000073459927,0.018121000073459927,0.018121000073459927,0.00013035134521441002,0.01674226528469655,0.9287643831497092
public_00220,0.05930947480416933,0.05930947480416933,0.05930947480416933,0.0012115432773848796,0.00958512491877648,0.8112749073913307
public_00221,0.004192600456046279,0.004192600456046279,0.004192600456046279,7.664452495143424e-05,0.9854408185948186,0.0019047355120910964
public_00222,0.5772789991535192,0.10143374779471866,0.31911683241678956,0.0005286888190895824,0.0015012688313466715,0.00014046298453628957
public_00223,0.009700653733781974,0.009700653733781974,0.009700653733781974,0.0003471758269285427,0.004021765988603247,0.9665290969831223
public_00224,0.023624863979187685,0.679054860535432,0.2859791094093783,0.0044728406660732856,0.0018732517077482518,0.004995073702180603
public_00225,4.979215004950778e-05,4.979215004950778e-05,4.979215004950778e-05,5.416339358486022e-05,0.13675784386425335,0.8630386162920133
public_00226,0.00010822581173007015,0.00010822581173007015,0.00010822581173007015,2.6467035502897076e-05,0.0021745075405477056,0.9974743479887592
public_00227,0.029156202104322855,0.1420056945609578,0.7939439095117032,0.03372329782235084,0.0011071777925945562,6.371820807071169e-05
public_00228,0.006732865062808334,0.0055156492323829255,0.9877284889445928,9.968248358810777e-06,1.850444443106262e-06,1.1178067414128879e-05
public_00229,0.10558476960764676,0.10558476960764676,0.10558476960764676,0.004345597721782559,0.005454162510828306,0.6734459309444488
public_00230,0.0010239113014383855,0.0010239113014383855,0.0010239113014383855,0.9967587770703947,0.00015815751826390688,1.133150702619647e-05
public_00231,0.44112958451512,0.38916744970708256,0.1653305464672222,0.00028079577664665137,0.0004920592978809212,0.003599564236047646
public_00232,0.0015559940218210278,0.02683971360385313,0.9709145400328915,0.00044278806865318926,8.640195569651288e-05,0.00016056231708459672
public_00233,1.974033217715441e-06,1.974033217715441e-06,1.974033217715441e-06,1.9957460392430714e-06,0.9997463714094194,0.0002457107448883101
public_00234,0.07263777488413464,0.00045931170620802696,0.9093310443631845,0.00016758295937290287,8.67763904380161e-05,0.017317509696661907
public_00235,0.0009556501443938626,0.0009556501443938626,0.0009556501443938626,0.0006368947396290392,0.003126308876417969,0.9933698459507714
public_00236,0.7783511569420136,0.12287038151678012,0.09022357960703092,6.262669019068632e-05,0.00014424406578061386,0.008348011178204074
public_00237,0.14948824596663116,0.14948824596663116,0.14948824596663116,0.00037260782758991907,0.04818234396975999,0.5029803103027566
public_00238,0.049512048706827225,0.3559161134943816,0.15565157022361675,0.0026041925508855056,0.00832832685756584,0.4279877481667231
public_00239,4.4915228837289876e-05,4.4915228837289876e-05,4.4915228837289876e-05,2.0242107136363153e-05,0.0005758172526420342,0.9992691949537097
public_00240,0.10742373827568233,0.31977806813345294,0.572703962020928,3.3481706053856892e-06,7.05226741603552e-06,8.38311319152619e-05
public_00241,0.07701414593339642,0.07701414593339642,0.07701414593339642,0.00010031097617991698,0.05245426512932957,0.7164029860943013
public_00242,0.010727636732783898,0.05617079819792397,0.7257533640313156,0.011307820483350346,0.003590293569693039,0.19245008698493318
public_00243,0.0005815363744300487,0.0005815363744300487,0.0005815363744300487,0.0005082462778944998,0.03542793739184419,0.9623192072069712
public_00244,0.001554407262910672,0.8056322710682194,0.1928127846550528,1.8761316296002704e-07,3.779843118994557e-08,3.116022229309877e-07
public_00245,0.0005216760150909084,0.0005216760150909084,0.0005216760150909084,0.998364951090574,6.994433114302651e-05,7.653301021746112e-08
public_00246,0.8285924693729793,0.08615192751617265,0.07639264405308234,2.225675872794213e-05,0.00047116997381757016,0.008369532325220188
public_00247,0.01263334480294339,0.01263334480294339,0.01263334480294339,0.013573760192047358,0.23090451998804606,0.7176216854110764
public_00248,0.030446195319842433,0.030446195319842433,0.030446195319842433,0.011321817050239288,0.019471935111808517,0.8778676618784249
public_00249,7.578066600055602e-05,7.578066600055602e-05,7.578066600055602e-05,3.378296125183261e-05,0.0006862177899084822,0.999052657250838
public_00250,0.0033465276049600224,0.6724087683078483,0.32178817301883367,0.00028624651757202965,0.0001434731886720329,0.002026811362114056
public_00251,6.467156872992648e-09,6.467156872992648e-09,6.467156872992648e-09,3.1779269138535496e-05,0.9999681694038212,3.192556968862549e-08
public_00252,0.0034483924948256204,0.2080717127034645,0.7883048896953446,0.00016981628053539669,3.8192486846396e-06,1.3695771451718738e-06
public_00253,0.016373207561792138,0.016373207561792138,0.016373207561792138,0.00022676411566808902,0.0001531022753716159,0.9505005109235839
public_00254,0.01765021001879853,0.006190561848437242,0.9744574552575037,0.00029727029637321734,6.565343685845752e-05,0.0013388491420288661
public_00255,0.0033784687667539194,0.8602845587725091,0.13031389678921632,0.00042970825962614675,0.00040417840973347083,0.005189189002160977
public_00256,0.012489356322150673,0.012489356322150673,0.012489356322150673,4.7948863480438765e-05,0.0009795057295452331,0.9615044764405223
public_00257,0.14285972824719687,0.18120735790246312,0.6754384565889475,2.7254427767900437e-05,3.0686962663195934e-05,0.0004365158709614731
public_00258,5.7324535106572695e-05,5.7324535106572695e-05,5.7324535106572695e-05,2.9678335039837466e-05,0.0005643725825620895,0.9992339754770784
public_00259,0.051281872671103464,0.051281872671103464,0.051281872671103464,0.0011372798675133332,0.003774101487431556,0.8412430006317447
public_00260,0.826032008366019,0.16526619667930922,0.008695588143420318,4.1846493697966207e-07,1.5770035575011483e-06,4.211342756978063e-06
public_00261,0.04283889188796045,0.04283889188796045,0.04283889188796045,0.8712304940517577,0.0002513302056176695,1.5000787432819314e-06
public_00262,0.0002718720428474707,0.0002718720428474707,0.0002718720428474707,0.9968129079768793,0.0022283506738575436,0.00014312522072081884
public_00263,0.016183698182804202,0.0535822586792602,0.4557916138094873,0.032053912124722306,0.03968847320575302,0.4027000439979729
public_00264,0.0026327827145702734,0.40485165029212605,0.591783307142876,0.00017294815488610733,6.73090673178188e-05,0.0004920026282239054
public_00265,0.059658056393137426,0.059658056393137426,0.059658056393137426,0.004186601440408847,0.01063060683206628,0.8062086225481127
public_00266,0.013034251197137064,0.04883814728526771,0.6099407629567193,0.04592194718619908,0.09056848920536299,0.19169640216931388
public_00267,0.025605087788961336,0.025605087788961336,0.025605087788961336,0.0014828010641750077,0.004047529355266952,0.917654406213674
public_00268,0.03711111079358902,0.3222038570752345,0.6289463963638305,0.0036901627263211017,0.0035037692205580552,0.00454470382046676
public_00269,0.03211236779697046,0.522549455361768,0.4452291743631013,3.050699318321505e-05,1.4808951929312324e-05,6.36865330477232e-05
public_00270,0.01514050060803735,0.9291019423479844,0.05476608097676267,4.469708246180433e-05,9.277672081841855e-05,0.0008540022639354153
public_00271,0.6462153979004993,0.18258739967336982,0.12060690450297004,0.001915263702388907,0.0030117521399923427,0.04566328208077962
public_00272,0.4009699542632767,0.3472466589475692,0.2516367389161943,6.770948011423553e-05,3.955576940530564e-05,3.9382623440341564e-05
public_00273,0.11774051493028226,0.11774051493028226,0.11774051493028226,0.00028122886576366075,0.0019393164466087,0.6445579098967809
public_00274,3.485554108171706e-07,3.485554108171706e-07,3.485554108171706e-07,0.9999815715738043,1.7228249751921538e-05,1.545102113158293e-07
public_00275,0.004368459108020241,0.10650615623920848,0.8889778776403529,6.192011041907047e-05,3.9809020472050946e-05,4.5777881527324524e-05
public_00276,0.07253394925543849,0.07253394925543849,0.07253394925543849,0.0017918405120170235,0.0072059555893911765,0.7734003561322763
public_00277,8.227765906327986e-05,8.227765906327986e-05,8.227765906327986e-05,0.9997046006976298,4.3160015495135374e-05,5.406309685208156e-06
public_00278,0.030914838952120882,0.9139852404062063,0.05509988891417343,8.57305060146228e-09,1.365154371647155e-08,9.502905004967926e-09
public_00279,0.11731685528182856,0.7422424794626031,0.13259657398462177,0.0006890592197272667,0.002789221298413936,0.004365810752805382
public_00280,0.018111921415725575,0.05374770766891284,0.7703605651188565,0.1157371628489826,0.016238426834336787,0.02580421611318572
public_00281,0.9780128609886998,0.010781820457358622,0.0045676810782942405,0.00010691149592650302,0.0003081067640682426,0.006222619215652635
public_00282,8.619134560508658e-07,8.619134560508658e-07,8.619134560508658e-07,0.999983703920047,1.3656434507036348e-05,5.3905077877141845e-08
public_00283,0.1782474764255226,0.7521945793795632,0.06878054068125217,7.301215191891424e-05,0.00018398822700840028,0.0005204031347346201
public_00284,0.042715097617453,0.9317984202535253,0.025473178103487898,1.184190833409217e-06,1.8007725776780024e-06,1.0319062122629883e-05
public_00285,0.13549069569022046,0.2955439573095324,0.5683735181763092,0.00037519538422082225,9.649510478502838e-05,0.00012013833493206631
public_00286,0.11616352624031652,0.691902820740033,0.11989547275783266,0.001980311379928061,0.004078964530953442,0.06597890435093635
public_00287,0.05852158179467858,0.6122522602042424,0.3291742896382248,3.957953634785779e-06,7.340400389643265e-06,4.0570008829831424e-05
public_00288,0.10870305223724151,0.33349896652496686,0.4315450091869323,0.0012543874322600845,0.0025886115534685485,0.12240997306513073
public_00289,0.4431268418428815,0.5473578260176198,0.009511466597275147,4.3794750611061147e-07,1.3026582054553854e-06,2.1249365119717532e-06
